beijing=116.41667,39.91667
guangzhou=113.23333,23.16667
hangzhou=120.20000,30.26667
shanghai=121.43333,34.50000
shenzhen=114.06667,22.61667
chongqing=106.45000,29.56667
wuhan=114.31667,30.51667
chengdu=104.04,30.40
nanjing=118.78333,32.05000
xian=108.95000,34.26667
zhengzhou=113.65000,34.76667
tianjin=117.20000,39.13333
changsha=113.00000,28.21667
suzhou=120.37,31.19
fuzhou=119.30000,26.08333
haerbin=126.63333,45.75000
shenyang=123.38333,41.80000
qingdao=120.33333,36.06667
jinan=117.00,36.40
wenzhou=120.39,28.01
xiamen=118.10000,24.46667